   6.7330882e-02
   1.5816449e+00
   7.5620790e-01
  -6.8984433e-01
  -1.3428880e+00
  -5.4750460e-01
  -8.0240368e-01
  -1.0895758e+00
   2.2786882e+00
  -5.3376687e-01
  -3.9501650e-01
  -1.7312413e+00
  -2.3245450e+00
  -1.2053347e+00
   2.1019044e+00
  -1.5030810e+00
   5.5241183e-02
   8.7456856e-02
  -2.5562428e+00
   9.9516200e-02
   9.1662527e-01
  -1.0732613e+00
  -1.1213272e+00
   4.0257943e-01
   2.3320228e-02
  -1.9470156e+00
  -1.2481814e+00
   1.3071778e+00
  -9.8246721e-01
   2.2286439e+00
  -2.7378842e-01
  -6.2841250e-01
   7.1733555e-02
  -1.6153256e+00
  -1.0996491e+00
   6.8171756e-01
  -6.5473467e-01
  -1.4368849e+00
   1.2591960e+00
  -4.4290082e-01
  -8.9535637e-01
  -4.7606653e-01
   2.1728852e-01
  -3.0562692e-01
  -6.5628927e-01
  -1.0149503e+00
   1.6019119e+00
   1.2817911e+00
   3.8602012e-02
   3.1695483e-01
  -2.1142605e+00
  -1.3477244e+00
  -1.2009875e+00
  -1.7227295e+00
  -9.5398808e-01
   6.9023921e-01
  -1.8561015e+00
  -2.5468270e+00
   7.6847214e-01
   2.1777504e+00
   8.5612657e-01
  -7.7675045e-01
   1.0508250e+00
   1.8434721e-01
   5.1150451e-01
   3.9317965e-01
   2.2738683e-01
  -2.4238444e+00
   7.3632814e-01
  -4.9447478e-01
   1.3720180e+00
   8.2444873e-01
  -9.0818034e-01
   3.1808806e+00
  -1.4534068e+00
   1.4854868e+00
  -1.1273838e+00
   9.5295563e-01
   2.1797440e+00
  -2.2979209e-02
  -1.9453949e+00
  -2.5618126e+00
  -9.5788103e-02
  -6.0229769e-01
   1.4709995e-01
  -1.0405805e-01
   3.6405847e-02
   1.9617267e-01
  -6.8882599e-01
  -2.4948588e+00
  -5.6347600e-02
   1.1146118e+00
  -7.4106451e-01
   1.7289944e+00
   4.7859384e-01
  -4.7540788e-01
  -2.9435089e-01
   2.0518625e+00
   1.7167607e+00
  -1.3725062e+00
