   4.4781307e-01
   9.8810915e-01
   8.7456253e-01
   7.1440260e-01
   5.3511421e-03
   8.2303132e-02
  -7.1155209e-01
  -1.2352374e+00
   1.7091481e+00
   2.8219141e-01
  -1.0400173e+00
  -1.8893190e-01
  -2.2851939e+00
  -1.1189428e+00
   5.9790315e-01
  -2.0764084e-02
   4.1695587e-02
   5.2304154e-01
  -1.5404372e+00
  -3.2293034e-01
   3.8067265e-01
  -4.4760594e-01
  -2.3527411e+00
  -1.4585512e+00
  -1.4344992e+00
  -7.6664273e-01
  -1.6030008e+00
   7.0497514e-01
  -3.8770440e-01
   1.8221378e+00
   2.9367802e-01
   7.8169840e-01
   9.0288611e-02
  -6.2969934e-01
   1.0013348e+00
   1.4173555e+00
   2.8357490e-01
  -3.0863097e-01
   4.1405080e-01
  -3.2635494e-01
  -1.1355010e+00
  -6.5746606e-01
   1.0315020e+00
  -1.0555837e+00
  -1.6811059e-01
  -5.8416508e-01
   1.1042612e+00
   1.3517209e+00
  -6.2633777e-01
  -3.5874535e-01
  -1.5278225e+00
  -1.6316500e+00
  -1.4186934e+00
  -2.4960916e-01
  -2.0847900e-01
   1.1682393e+00
  -1.0943874e+00
  -3.4960730e+00
   2.2333927e-01
   3.3472501e-01
   4.3818394e-01
  -1.2224728e+00
  -2.6071715e-03
  -3.1472517e-01
  -4.4724591e-01
  -1.7980612e-01
  -6.4746670e-01
  -1.0017399e-01
  -4.6066658e-01
  -1.6620580e+00
   1.2878739e-01
   2.4475131e-01
  -6.8051822e-01
   1.0233194e+00
  -1.4459442e+00
   7.3706751e-01
  -4.4394523e-01
   1.0701537e+00
   1.8102620e+00
  -4.4437285e-01
  -2.8716508e+00
  -7.6973821e-01
   7.0413799e-02
   9.3607125e-02
   3.9386030e-01
  -8.4139789e-01
  -5.8460243e-01
  -3.3749669e-01
  -4.8181114e-01
  -1.8086039e+00
   3.1950268e-01
  -1.4860982e-01
  -1.0633326e+00
   2.0228416e+00
   4.0733732e-01
  -1.2028355e+00
   3.3411173e-02
   1.1047679e+00
   2.2280008e+00
  -8.3950590e-01
